image_00000 337 220 359 250
image_00001 335 222 358 252
image_00002 337 221 358 251
image_00003 338 219 358 248
image_00004 338 219 358 250
image_00005 337 219 362 251
image_00006 336 216 362 251
image_00007 333 215 362 251
image_00008 332 218 360 249
image_00009 331 214 362 248
image_00010 332 215 362 253
image_00011 334 213 361 252
image_00012 333 215 361 252
image_00013 335 212 363 250
image_00014 332 212 363 250
image_00015 333 211 363 253
image_00016 331 212 363 251
image_00017 332 212 361 252
image_00018 334 212 362 252
image_00019 333 208 362 254
image_00020 334 211 364 254
image_00021 331 210 365 255
image_00022 328 209 365 252
image_00023 330 210 365 252
image_00024 328 204 379 250
image_00025 328 205 384 253
image_00026 326 208 386 253
image_00027 325 205 385 254
image_00028 326 206 384 252
image_00029 328 204 384 253
image_00030 328 206 386 253
image_00031 326 205 384 253
image_00032 349 202 381 255
image_00033 351 204 385 258
image_00034 352 204 384 258
image_00035 354 204 384 255
image_00036 350 199 386 256
image_00037 350 194 384 255
image_00038 351 194 388 255
image_00039 350 191 391 257
image_00040 348 193 390 256
image_00041 350 197 394 254
image_00042 351 194 391 256
image_00043 349 193 394 254
image_00044 347 191 393 255
image_00045 362 197 396 252
image_00046 355 189 394 229
image_00047 362 193 393 228
image_00048 361 196 395 229
image_00049 365 196 392 226
image_00050 364 196 393 223
image_00051 366 194 391 222
image_00052 365 193 394 223
image_00053 371 196 393 221
image_00054 372 197 391 218
image_00055 368 199 391 219
image_00056 368 200 393 219
image_00057 372 198 393 219
image_00058 368 197 395 221
image_00059 369 197 393 217
image_00060 370 197 389 217
image_00061 372 198 389 217
image_00062 372 197 390 218
image_00063 369 198 389 217
